No._material_props:    3
    Shear_modulus:   79365079365.08
    Poissons_ratio:  0.26
    Plane_strain/stress: 0
No._coords_per_node:   2
No._DOF_per_node:      2
No._nodes:             69
Nodal_coords:
0.0000	0.2000
0.0390	0.1962
0.0765	0.1848
0.1111	0.1663
0.1414	0.1414
0.1663	0.1111
0.1848	0.0765
0.1962	0.0390
0.2000	0.0000
0.0000	0.2500
0.0488	0.2452
0.0957	0.2310
0.1389	0.2079
0.1768	0.1768
0.2079	0.1389
0.2310	0.0957
0.2452	0.0488
0.2500	0.0000
0.0000	0.3000
0.0585	0.2942
0.1148	0.2772
0.1667	0.2494
0.2121	0.2121
0.2494	0.1667
0.2772	0.1148
0.2942	0.0585
0.3000	0.0000
0.0196	0.1990
0.0439	0.2207
0.0245	0.2488
0.0000	0.2250
0.0581	0.1914
0.0861	0.2079
0.0726	0.2392
0.0943	0.1764
0.1250	0.1871
0.1178	0.2205
0.1269	0.1546
0.1591	0.1591
0.1586	0.1933
0.1546	0.1269
0.1871	0.1250
0.1933	0.1586
0.1764	0.0943
0.2079	0.0861
0.2205	0.1178
0.1914	0.0581
0.2207	0.0439
0.2392	0.0726
0.1990	0.0196
0.2250	0.0000
0.2488	0.0245
0.0536	0.2697
0.0294	0.2986
0.0000	0.2750
0.1052	0.2541
0.0871	0.2871
0.1528	0.2287
0.1414	0.2646
0.1945	0.1945
0.1903	0.2319
0.2287	0.1528
0.2319	0.1903
0.2541	0.1052
0.2646	0.1414
0.2697	0.0536
0.2871	0.0871
0.2750	0.0000
0.2986	0.0294
No._elements:                       16
Max_no._nodes_on_any_one_element:   8
element_identifier; no._nodes_on_element; connectivity:
1	4	1	2	11	10	28	29	30	31
2	4	2	3	12	11	32	33	34	29
3	4	3	4	13	12	35	36	37	33
4	4	4	5	14	13	38	39	40	36
5	4	5	6	15	14	41	42	43	39
6	4	6	7	16	15	44	45	46	42
7	4	7	8	17	16	47	48	49	45
8	4	8	9	18	17	50	51	52	48
9	4	10	11	20	19	30	53	54	55
10	4	11	12	21	20	34	56	57	53
11	4	12	13	22	21	37	58	59	56
12	4	13	14	23	22	40	60	61	58
13	4	14	15	24	23	43	62	63	60
14	4	15	16	25	24	46	64	65	62
15	4	16	17	26	25	49	66	67	64
16	4	17	18	27	26	52	68	69	66
No._nodes_with_prescribed_DOFs:  6
Node_#, DOF#, Value:
1	3	0.0
1	4	0.0
10	3	0.0
10	4	0.0
19	3	0.0
19	4	0.0
No._elements_with_prescribed_loads: 2
Element_#, Face_#, Traction_components
8	2	-3000.0000	0.0000
16	2	-3000.0000	0.0000
