No._material_props:    3
    Shear_modulus:   79365079365.08
    Poissons_ratio:  0.26
    Plane_strain/stress: 1
No._coords_per_node:   2
No._DOF_per_node:      2
No._nodes:             52
Nodal_coords:
0.0000	0.2000
0.0261	0.1983
0.0518	0.1932
0.0765	0.1848
0.1000	0.1732
0.1218	0.1587
0.1414	0.1414
0.1587	0.1218
0.1732	0.1000
0.1848	0.0765
0.1932	0.0518
0.1983	0.0261
0.2000	0.0000
0.0000	0.2333
0.0305	0.2313
0.0604	0.2254
0.0893	0.2156
0.1167	0.2021
0.1420	0.1851
0.1650	0.1650
0.1851	0.1420
0.2021	0.1167
0.2156	0.0893
0.2254	0.0604
0.2313	0.0305
0.2333	0.0000
0.0000	0.2667
0.0348	0.2644
0.0690	0.2576
0.1020	0.2464
0.1333	0.2309
0.1623	0.2116
0.1886	0.1886
0.2116	0.1623
0.2309	0.1333
0.2464	0.1020
0.2576	0.0690
0.2644	0.0348
0.2667	0.0000
0.0000	0.3000
0.0392	0.2974
0.0776	0.2898
0.1148	0.2772
0.1500	0.2598
0.1826	0.2380
0.2121	0.2121
0.2380	0.1826
0.2598	0.1500
0.2772	0.1148
0.2898	0.0776
0.2974	0.0392
0.3000	0.0000
No._elements:                       36
Max_no._nodes_on_any_one_element:   4
element_identifier; no._nodes_on_element; connectivity:
1	4	1	2	15	14
2	4	2	3	16	15
3	4	3	4	17	16
4	4	4	5	18	17
5	4	5	6	19	18
6	4	6	7	20	19
7	4	7	8	21	20
8	4	8	9	22	21
9	4	9	10	23	22
10	4	10	11	24	23
11	4	11	12	25	24
12	4	12	13	26	25
13	4	14	15	28	27
14	4	15	16	29	28
15	4	16	17	30	29
16	4	17	18	31	30
17	4	18	19	32	31
18	4	19	20	33	32
19	4	20	21	34	33
20	4	21	22	35	34
21	4	22	23	36	35
22	4	23	24	37	36
23	4	24	25	38	37
24	4	25	26	39	38
25	4	27	28	41	40
26	4	28	29	42	41
27	4	29	30	43	42
28	4	30	31	44	43
29	4	31	32	45	44
30	4	32	33	46	45
31	4	33	34	47	46
32	4	34	35	48	47
33	4	35	36	49	48
34	4	36	37	50	49
35	4	37	38	51	50
36	4	38	39	52	51
No._nodes_with_prescribed_DOFs:  8
Node_#, DOF#, Value:
1	3	0.0
1	4	0.0
14	3	0.0
14	4	0.0
27	3	0.0
27	4	0.0
40	3	0.0
40	4	0.0
No._elements_with_prescribed_loads: 3
Element_#, Face_#, Traction_components
12	2	-3000.0000	0.0000
24	2	-3000.0000	0.0000
36	2	-3000.0000	0.0000
