Nodal Displacements: 
 Node      Coords         u1       u2 
  1   0.0000   0.2000   0.0000   0.0000
  2   0.0261   0.1983  -0.0000  -0.0000
  3   0.0518   0.1932  -0.0000  -0.0000
  4   0.0765   0.1848  -0.0000  -0.0000
  5   0.1000   0.1732  -0.0000  -0.0000
  6   0.1218   0.1587  -0.0000  -0.0000
  7   0.1414   0.1414  -0.0000  -0.0000
  8   0.1587   0.1218  -0.0000  -0.0000
  9   0.1732   0.1000  -0.0000  -0.0000
 10   0.1848   0.0765  -0.0000  -0.0000
 11   0.1932   0.0518  -0.0000  -0.0000
 12   0.1983   0.0261  -0.0000  -0.0000
 13   0.2000   0.0000  -0.0000  -0.0000
 14   0.0000   0.2333  -0.0000  -0.0000
 15   0.0305   0.2313  -0.0000  -0.0000
 16   0.0604   0.2254  -0.0000  -0.0000
 17   0.0893   0.2156  -0.0000  -0.0000
 18   0.1167   0.2021  -0.0000  -0.0000
 19   0.1420   0.1851  -0.0000  -0.0000
 20   0.1650   0.1650  -0.0000  -0.0000
 21   0.1851   0.1420  -0.0000  -0.0000
 22   0.2021   0.1167  -0.0000  -0.0000
 23   0.2156   0.0893  -0.0000  -0.0000
 24   0.2254   0.0604  -0.0000  -0.0000
 25   0.2313   0.0305  -0.0000  -0.0000
 26   0.2333   0.0000  -0.0000  -0.0000
 27   0.0000   0.2667   0.0000  -0.0000
 28   0.0348   0.2644   0.0000  -0.0000
 29   0.0690   0.2576   0.0000  -0.0000
 30   0.1020   0.2464   0.0000  -0.0000
 31   0.1333   0.2309  -0.0000  -0.0000
 32   0.1623   0.2116  -0.0000  -0.0000
 33   0.1886   0.1886  -0.0000  -0.0000
 34   0.2116   0.1623  -0.0000  -0.0000
 35   0.2309   0.1333  -0.0000  -0.0000
 36   0.2464   0.1020  -0.0000  -0.0000
 37   0.2576   0.0690  -0.0000  -0.0000
 38   0.2644   0.0348  -0.0000  -0.0000
 39   0.2667   0.0000  -0.0000  -0.0000
 40   0.0000   0.3000  -0.0000  -0.0000
 41   0.0392   0.2974   0.0000  -0.0000
 42   0.0776   0.2898   0.0000  -0.0000
 43   0.1148   0.2772   0.0000  -0.0000
 44   0.1500   0.2598   0.0000  -0.0000
 45   0.1826   0.2380   0.0000  -0.0000
 46   0.2121   0.2121  -0.0000  -0.0000
 47   0.2380   0.1826  -0.0000  -0.0000
 48   0.2598   0.1500  -0.0000  -0.0000
 49   0.2772   0.1148  -0.0000  -0.0000
 50   0.2898   0.0776  -0.0000  -0.0000
 51   0.2974   0.0392  -0.0000  -0.0000
 52   0.3000   0.0000  -0.0000  -0.0000


 Strains and Stresses 
 
 Element; 1   
 int pt    Coords          e_11      e_22     e_12      s_11       s_22      s_12 
    1  0.0057  0.2067   -0.0000    0.0000   -0.0000 -45177.6644 -10614.2806 -2561.8800 
    2  0.0213  0.2056   -0.0000    0.0000    0.0000 -42962.6370 -6941.6650 5183.3195 
    3  0.0062  0.2259   -0.0000    0.0000   -0.0000 -21925.2726 -4666.0117 -1421.9506 
    4  0.0233  0.2247   -0.0000    0.0000    0.0000 -19895.8161 -1307.7740 5657.9146 
 
 Element; 2   
 int pt    Coords          e_11      e_22     e_12      s_11       s_22      s_12 
    1  0.0326  0.2042   -0.0000    0.0000    0.0000 -43801.3562 -5139.6938 3458.3105 
    2  0.0480  0.2011   -0.0000    0.0000    0.0000 -41073.7561 -8688.8716 10432.8588 
    3  0.0357  0.2231   -0.0000    0.0000    0.0000 -21214.8998 1509.3828  211.8087 
    4  0.0525  0.2198   -0.0000    0.0000    0.0000 -18726.3126 -1746.9872 6605.9969 
 
 Element; 3   
 int pt    Coords          e_11      e_22     e_12      s_11       s_22      s_12 
    1  0.0590  0.1982   -0.0000    0.0000    0.0000 -41409.8073 -6816.7052 7276.5664 
    2  0.0738  0.1931   -0.0000   -0.0000    0.0000 -36842.9405 -11339.2467 13212.0754 
    3  0.0645  0.2166   -0.0000    0.0000    0.0000 -20216.8768  628.5228 2421.9025 
    4  0.0807  0.2111   -0.0000    0.0000    0.0000 -16053.2411 -3506.3757 7846.6391 
 
 Element; 4   
 int pt    Coords          e_11      e_22     e_12      s_11       s_22      s_12 
    1  0.0843  0.1888   -0.0000    0.0000    0.0000 -37055.0546 -8467.2116 10656.0415 
    2  0.0984  0.1818   -0.0000   -0.0000    0.0000 -31445.5618 -13993.5187 14955.6163 
    3  0.0922  0.2063   -0.0000    0.0000    0.0000 -18526.2458  -66.9150 4576.8762 
    4  0.1076  0.1988   -0.0000   -0.0000    0.0000 -13397.2633 -5129.0397 8515.1503 
 
 Element; 5   
 int pt    Coords          e_11      e_22     e_12      s_11       s_22      s_12 
    1  0.1083  0.1761   -0.0000   -0.0000    0.0000 -31762.5258 -10469.6352 12832.8972 
    2  0.1213  0.1675   -0.0000   -0.0000    0.0000 -25718.7085 -16460.9360 15356.1006 
    3  0.1184  0.1925   -0.0000    0.0000    0.0000 -16204.1662 -1076.4168 6181.0128 
    4  0.1325  0.1830   -0.0000   -0.0000    0.0000 -10633.8631 -6543.5991 8477.5420 
 
 Element; 6   
 int pt    Coords          e_11      e_22     e_12      s_11       s_22      s_12 
    1  0.1304  0.1605   -0.0000   -0.0000    0.0000 -25873.5209 -12346.1779 13629.8422 
    2  0.1421  0.1502   -0.0000   -0.0000    0.0000 -19956.7319 -18123.2953 14416.8967 
    3  0.1424  0.1754   -0.0000    0.0000    0.0000 -13431.2848 -2209.4259 7096.6125 
    4  0.1553  0.1641   -0.0000   -0.0000    0.0000 -8050.4584 -7514.6770 7831.2753 
 
 Element; 7   
 int pt    Coords          e_11      e_22     e_12      s_11       s_22      s_12 
    1  0.1502  0.1421   -0.0000   -0.0000    0.0000 -19885.2483 -13596.4254 13139.5222 
    2  0.1605  0.1304   -0.0000   -0.0000    0.0000 -14725.9092 -18710.0157 12497.9718 
    3  0.1641  0.1553   -0.0000   -0.0000    0.0000 -10518.5101 -3201.5106 7356.1389 
    4  0.1754  0.1424   -0.0000   -0.0000    0.0000 -5780.8267 -7851.6519 6756.3336 
 
 Element; 8   
 int pt    Coords          e_11      e_22     e_12      s_11       s_22      s_12 
    1  0.1675  0.1213   -0.0000   -0.0000    0.0000 -14375.4519 -13892.0238 11623.0381 
    2  0.1761  0.1083   -0.0000   -0.0000    0.0000 -10274.4055 -17870.8946 9979.1366 
    3  0.1830  0.1325   -0.0000   -0.0000    0.0000 -7694.5302 -3854.5436 7007.1643 
    4  0.1925  0.1184   -0.0000   -0.0000    0.0000 -3952.0065 -7521.9167 5511.2397 
 
 Element; 9   
 int pt    Coords          e_11      e_22     e_12      s_11       s_22      s_12 
    1  0.1818  0.0984   -0.0000   -0.0000    0.0000 -9591.4841 -12859.9219 9399.9457 
    2  0.1888  0.0843   -0.0000   -0.0000    0.0000 -6762.0024 -15568.3186 7321.8613 
    3  0.1988  0.1076   -0.0000   -0.0000    0.0000 -5182.0873 -4018.4536 6199.6558 
    4  0.2063  0.0922   -0.0000   -0.0000    0.0000 -2590.3126 -6494.8045 4296.1662 
 
 Element; 10   
 int pt    Coords          e_11      e_22     e_12      s_11       s_22      s_12 
    1  0.1931  0.0738   -0.0000   -0.0000    0.0000 -5795.4398 -10491.6156 7003.5667 
    2  0.1982  0.0590   -0.0000   -0.0000    0.0000 -4171.0124 -11972.1175 5052.6644 
    3  0.2111  0.0807   -0.0000   -0.0000    0.0000 -3146.4990 -3589.0327 5174.0389 
    4  0.2166  0.0645   -0.0000   -0.0000    0.0000 -1661.3746 -4938.7470 3390.9918 
 
 Element; 11   
 int pt    Coords          e_11      e_22     e_12      s_11       s_22      s_12 
    1  0.2011  0.0480   -0.0000   -0.0000    0.0000 -2922.4527 -6830.9195 4812.9541 
    2  0.2042  0.0326   -0.0000   -0.0000    0.0000 -2406.3952 -7404.6559 3447.7668 
    3  0.2198  0.0525   -0.0000   -0.0000    0.0000 -1621.9933 -2509.0282 4141.8870 
    4  0.2231  0.0357   -0.0000   -0.0000    0.0000 -1148.3636 -3032.6808 2890.3378 
 
 Element; 12   
 int pt    Coords          e_11      e_22     e_12      s_11       s_22      s_12 
    1  0.2056  0.0213   -0.0000   -0.0000    0.0000 -956.3035 -2466.3088 3351.2838 
    2  0.2067  0.0057    0.0000   -0.0000    0.0000 -377.6426 -2400.1223 2853.2625 
    3  0.2247  0.0233   -0.0000   -0.0000    0.0000 -482.8207 -898.6887 3041.9535 
    4  0.2259  0.0062    0.0000   -0.0000    0.0000   46.0272 -838.5104 2586.7835 
 
 Element; 13   
 int pt    Coords          e_11      e_22     e_12      s_11       s_22      s_12 
    1  0.0066  0.2399   -0.0000   -0.0000   -0.0000 -8550.0630 -3278.9705 -1862.8338 
    2  0.0248  0.2387   -0.0000   -0.0000    0.0000 -8294.1161 -6092.9764 4027.5117 
    3  0.0072  0.2592    0.0000   -0.0000   -0.0000 7325.4654  925.8765 -3146.7480 
    4  0.0267  0.2579    0.0000   -0.0000    0.0000 7567.1116 -1680.7388 2311.5922 
 
 Element; 14   
 int pt    Coords          e_11      e_22     e_12      s_11       s_22      s_12 
    1  0.0379  0.2370   -0.0000   -0.0000   -0.0000 -10313.8372 -4785.9943 -3616.3819 
    2  0.0557  0.2335   -0.0000   -0.0000    0.0000 -7828.8560 -7158.4447 2373.5353 
    3  0.0409  0.2560    0.0000   -0.0000   -0.0000 6437.4486   41.1518 -5772.5875 
    4  0.0601  0.2522    0.0000   -0.0000   -0.0000 8749.8574 -2150.1471 -232.1392 
 
 Element; 15   
 int pt    Coords          e_11      e_22     e_12      s_11       s_22      s_12 
    1  0.0685  0.2301   -0.0000   -0.0000   -0.0000 -10760.8697 -3873.9941 -2910.4664 
    2  0.0857  0.2242   -0.0000   -0.0000    0.0000 -6964.0271 -7122.9602 1949.9943 
    3  0.0740  0.2485    0.0000    0.0000   -0.0000 4156.6612 1252.2670 -6178.6572 
    4  0.0925  0.2422    0.0000   -0.0000   -0.0000 7675.7445 -1756.4564 -1676.9696 
 
 Element; 16   
 int pt    Coords          e_11      e_22     e_12      s_11       s_22      s_12 
    1  0.0979  0.2192   -0.0000    0.0000   -0.0000 -11352.1620 -2630.5480 -2180.9789 
    2  0.1142  0.2111   -0.0000   -0.0000    0.0000 -6598.2848 -6682.9811 1455.6598 
    3  0.1058  0.2367    0.0000    0.0000   -0.0000 1865.3851 3148.8295 -6338.8618 
    4  0.1234  0.2280    0.0000   -0.0000   -0.0000 6279.8609 -595.5301 -2977.5558 
 
 Element; 17   
 int pt    Coords          e_11      e_22     e_12      s_11       s_22      s_12 
    1  0.1257  0.2045   -0.0000    0.0000   -0.0000 -11540.3888 -1527.4995 -1146.4084 
    2  0.1408  0.1944   -0.0000   -0.0000    0.0000 -6323.1445 -5889.3913 1091.6027 
    3  0.1358  0.2208   -0.0000    0.0000   -0.0000 -316.0593 4928.1278 -5758.4018 
    4  0.1520  0.2100    0.0000   -0.0000   -0.0000 4487.8759  873.6226 -3674.9740 
 
 Element; 18   
 int pt    Coords          e_11      e_22     e_12      s_11       s_22      s_12 
    1  0.1513  0.1863   -0.0000    0.0000    0.0000 -11287.0920 -624.9148   39.3279 
    2  0.1650  0.1744   -0.0000   -0.0000    0.0000 -6096.0472 -4857.6587  959.4737 
    3  0.1634  0.2013   -0.0000    0.0000   -0.0000 -2208.0252 6312.2270 -4541.4381 
    4  0.1782  0.1883    0.0000    0.0000   -0.0000 2597.5571 2396.4913 -3690.7855 
 
 Element; 19   
 int pt    Coords          e_11      e_22     e_12      s_11       s_22      s_12 
    1  0.1744  0.1650   -0.0000    0.0000    0.0000 -10545.7030  -32.3354 1319.2680 
    2  0.1863  0.1513   -0.0000   -0.0000    0.0000 -5786.9067 -3688.4691 1077.9238 
    3  0.1883  0.1782   -0.0000    0.0000   -0.0000 -3591.5745 7070.4654 -2810.8121 
    4  0.2013  0.1634   -0.0000    0.0000   -0.0000  811.0419 3685.6341 -3033.3801 
 
 Element; 20   
 int pt    Coords          e_11      e_22     e_12      s_11       s_22      s_12 
    1  0.1944  0.1408   -0.0000    0.0000    0.0000 -9322.0551  295.9040 2500.0975 
    2  0.2045  0.1257   -0.0000   -0.0000    0.0000 -5331.9948 -2504.6237 1483.6690 
    3  0.2100  0.1520   -0.0000    0.0000   -0.0000 -4299.3570 7072.0728 -859.0400 
    4  0.2208  0.1358   -0.0000    0.0000   -0.0000 -593.2906 4495.7523 -1808.1464 
 
 Element; 21   
 int pt    Coords          e_11      e_22     e_12      s_11       s_22      s_12 
    1  0.2111  0.1142   -0.0000    0.0000    0.0000 -7707.2108  342.7767 3506.2072 
    2  0.2192  0.0979   -0.0000   -0.0000    0.0000 -4575.8944 -1470.4045 2097.8931 
    3  0.2280  0.1234   -0.0000    0.0000    0.0000 -4280.9507 6343.6588 1039.8436 
    4  0.2367  0.1058   -0.0000    0.0000   -0.0000 -1386.2791 4658.7324 -261.0223 
 
 Element; 22   
 int pt    Coords          e_11      e_22     e_12      s_11       s_22      s_12 
    1  0.2242  0.0857   -0.0000    0.0000    0.0000 -5756.8575  177.7472 4218.1588 
    2  0.2301  0.0685   -0.0000    0.0000    0.0000 -3467.6098 -689.3160 2845.7701 
    3  0.2422  0.0925   -0.0000    0.0000    0.0000 -3600.0544 4911.0177 2622.3000 
    4  0.2485  0.0740   -0.0000    0.0000    0.0000 -1479.8510 4107.1857 1351.2956 
 
 Element; 23   
 int pt    Coords          e_11      e_22     e_12      s_11       s_22      s_12 
    1  0.2335  0.0557   -0.0000    0.0000    0.0000 -3663.3119  -47.5669 4585.8711 
    2  0.2370  0.0379   -0.0000    0.0000    0.0000 -2159.7825 -195.6514 3624.8210 
    3  0.2522  0.0601   -0.0000    0.0000    0.0000 -2540.7400 2898.9050 3739.9861 
    4  0.2560  0.0409   -0.0000    0.0000    0.0000 -1150.4004 2759.5634 2851.3875 
 
 Element; 24   
 int pt    Coords          e_11      e_22     e_12      s_11       s_22      s_12 
    1  0.2387  0.0248   -0.0000    0.0000    0.0000 -1846.5719 -144.1271 4307.0487 
    2  0.2399  0.0066   -0.0000    0.0000    0.0000 -1501.7243 -119.9108 3920.5654 
    3  0.2579  0.0267   -0.0000    0.0000    0.0000 -1538.3364  911.0632 4135.9855 
    4  0.2592  0.0072   -0.0000    0.0000    0.0000 -1218.8387  933.2094 3777.8638 
 
 Element; 25   
 int pt    Coords          e_11      e_22     e_12      s_11       s_22      s_12 
    1  0.0076  0.2732    0.0000   -0.0000   -0.0000 17734.8496 2583.7578 -4240.0737 
    2  0.0282  0.2719    0.0000   -0.0000    0.0000 17216.8133 -3094.6517 1363.7501 
    3  0.0081  0.2924    0.0000   -0.0000   -0.0000 31265.2402 6236.3307 -6289.9799 
    4  0.0302  0.2910    0.0000   -0.0000   -0.0000 30783.5595  935.4534 -1058.5040 
 
 Element; 26   
 int pt    Coords          e_11      e_22     e_12      s_11       s_22      s_12 
    1  0.0431  0.2699    0.0000   -0.0000   -0.0000 15761.4501 -2162.9404 -6711.8775 
    2  0.0634  0.2659    0.0000   -0.0000   -0.0000 17904.1350 -3551.0727 -1863.1992 
    3  0.0462  0.2889    0.0000   -0.0000   -0.0000 27677.5949 1209.6295 -8093.4346 
    4  0.0679  0.2846    0.0000   -0.0000   -0.0000 29675.5202  -90.7646 -3556.8876 
 
 Element; 27   
 int pt    Coords          e_11      e_22     e_12      s_11       s_22      s_12 
    1  0.0780  0.2620    0.0000   -0.0000   -0.0000 12718.2781  494.3579 -8749.8753 
    2  0.0975  0.2553    0.0000   -0.0000   -0.0000 16014.4335 -2426.5568 -4514.3572 
    3  0.0835  0.2804    0.0000   -0.0000   -0.0000 24264.7616 4484.0292 -11307.8806 
    4  0.1044  0.2733    0.0000   -0.0000   -0.0000 27336.8281 1756.2863 -7353.7012 
 
 Element; 28   
 int pt    Coords          e_11      e_22     e_12      s_11       s_22      s_12 
    1  0.1115  0.2495    0.0000    0.0000   -0.0000 9378.8754 3001.9082 -9712.3334 
    2  0.1300  0.2404    0.0000   -0.0000   -0.0000 13540.7212 -595.4433 -6545.2995 
    3  0.1194  0.2671    0.0000    0.0000   -0.0000 19668.8639 7533.1315 -12976.0490 
    4  0.1392  0.2573    0.0000   -0.0000   -0.0000 23554.3957 4168.6682 -10014.3664 
 
 Element; 29   
 int pt    Coords          e_11      e_22     e_12      s_11       s_22      s_12 
    1  0.1431  0.2328    0.0000    0.0000   -0.0000 5956.7071 5450.0287 -9621.9917 
    2  0.1603  0.2214    0.0000   -0.0000   -0.0000 10513.1195 1575.8363 -7645.7259 
    3  0.1532  0.2492    0.0000    0.0000   -0.0000 14691.2164 10489.0152 -13219.9572 
    4  0.1716  0.2369    0.0000    0.0000   -0.0000 18958.3203 6877.8878 -11379.2909 
 
 Element; 30   
 int pt    Coords          e_11      e_22     e_12      s_11       s_22      s_12 
    1  0.1723  0.2122    0.0000    0.0000   -0.0000 2798.9054 7468.9036 -8534.4306 
    2  0.1879  0.1986    0.0000    0.0000   -0.0000 7346.6240 3726.1577 -7742.3149 
    3  0.1844  0.2271    0.0000    0.0000   -0.0000 9834.4686 12874.3790 -12096.4173 
    4  0.2010  0.2125    0.0000    0.0000   -0.0000 14094.8531 9381.6734 -11360.1501 
 
 Element; 31   
 int pt    Coords          e_11      e_22     e_12      s_11       s_22      s_12 
    1  0.1986  0.1879   -0.0000    0.0000   -0.0000  165.8554 8702.8102 -6687.6721 
    2  0.2122  0.1723    0.0000    0.0000   -0.0000 4351.5045 5494.2043 -6892.0020 
    3  0.2125  0.2010    0.0000    0.0000   -0.0000 5575.5691 14217.0539 -9897.4707 
    4  0.2271  0.1844    0.0000    0.0000   -0.0000 9482.6963 11210.2627 -10084.6390 
 
 Element; 32   
 int pt    Coords          e_11      e_22     e_12      s_11       s_22      s_12 
    1  0.2214  0.1603   -0.0000    0.0000   -0.0000 -1647.4980 8963.9072 -4392.5696 
    2  0.2328  0.1431    0.0000    0.0000   -0.0000 1874.6053 6518.5558 -5295.1587 
    3  0.2369  0.1716   -0.0000    0.0000   -0.0000 2281.1091 14254.4022 -7018.0467 
    4  0.2492  0.1532    0.0000    0.0000   -0.0000 5565.2745 11963.2809 -7857.4467 
 
 Element; 33   
 int pt    Coords          e_11      e_22     e_12      s_11       s_22      s_12 
    1  0.2404  0.1300   -0.0000    0.0000   -0.0000 -2546.0306 8219.2770 -2028.3891 
    2  0.2495  0.1115   -0.0000    0.0000   -0.0000  198.7137 6621.2404 -3260.8110 
    3  0.2573  0.1392   -0.0000    0.0000   -0.0000  128.6070 12894.3359 -3952.7018 
    4  0.2671  0.1194   -0.0000    0.0000   -0.0000 2695.2343 11402.7644 -5105.4678 
 
 Element; 34   
 int pt    Coords          e_11      e_22     e_12      s_11       s_22      s_12 
    1  0.2553  0.0975   -0.0000    0.0000    0.0000 -2577.9788 6521.0195   14.0160 
    2  0.2620  0.0780   -0.0000    0.0000   -0.0000 -596.1118 5736.8437 -1211.8082 
    3  0.2733  0.1044   -0.0000    0.0000   -0.0000 -894.7045 10238.0424 -1227.0655 
    4  0.2804  0.0835   -0.0000    0.0000   -0.0000  955.6545 9507.5679 -2371.6254 
 
 Element; 35   
 int pt    Coords          e_11      e_22     e_12      s_11       s_22      s_12 
    1  0.2659  0.0634   -0.0000    0.0000    0.0000 -1967.8588 4019.8742 1444.2227 
    2  0.2699  0.0431   -0.0000    0.0000    0.0000 -490.0430 3853.9779  464.9859 
    3  0.2846  0.0679   -0.0000    0.0000    0.0000 -966.4968 6669.1224  697.7966 
    4  0.2889  0.0462   -0.0000    0.0000   -0.0000  416.4498 6515.3814 -218.6227 
 
 Element; 36   
 int pt    Coords          e_11      e_22     e_12      s_11       s_22      s_12 
    1  0.2719  0.0282   -0.0000    0.0000    0.0000 -1253.7750 1369.5019 2065.7395 
    2  0.2732  0.0076   -0.0000    0.0000    0.0000 -1267.7644 1290.6456 1614.6557 
    3  0.2910  0.0302   -0.0000    0.0000    0.0000 -979.1470 2423.4917 2022.5826 
    4  0.2924  0.0081   -0.0000    0.0000    0.0000 -992.2475 2349.7172 1601.4492 
