No._material_props:    3
    Shear_modulus:   10.
    Poissons_ratio:  0.3
    Plane_strain/stress: 1
No._coords_per_node:   2
No._DOF_per_node:      2
No._nodes:             40
Nodal_coords:
1.0000	0.0000
1.7500	0.0000
2.5000	0.0000
3.2500	0.0000
4.0000	0.0000
0.9749	0.2225
1.7061	0.3894
2.4373	0.5563
3.1685	0.7232
3.8997	0.8901
0.9010	0.4339
1.5767	0.7593
2.2524	1.0847
2.9281	1.4101
3.6039	1.7355
0.7818	0.6235
1.3682	1.0911
1.9546	1.5587
2.5410	2.0263
3.1273	2.4940
0.6235	0.7818
1.0911	1.3682
1.5587	1.9546
2.0263	2.5410
2.4940	3.1273
0.4339	0.9010
0.7593	1.5767
1.0847	2.2524
1.4101	2.9281
1.7355	3.6039
0.2225	0.9749
0.3894	1.7061
0.5563	2.4373
0.7232	3.1685
0.8901	3.8997
0.0000	1.0000
0.0000	1.7500
0.0000	2.5000
0.0000	3.2500
0.0000	4.0000
No._elements:                       28
Max_no._nodes_on_any_one_element:   4
element_identifier; no._nodes_on_element; connectivity:
1	4	1	2	7	6
2	4	2	3	8	7
3	4	3	4	9	8
4	4	4	5	10	9
5	4	6	7	12	11
6	4	7	8	13	12
7	4	8	9	14	13
8	4	9	10	15	14
9	4	11	12	17	16
10	4	12	13	18	17
11	4	13	14	19	18
12	4	14	15	20	19
13	4	16	17	22	21
14	4	17	18	23	22
15	4	18	19	24	23
16	4	19	20	25	24
17	4	21	22	27	26
18	4	22	23	28	27
19	4	23	24	29	28
20	4	24	25	30	29
21	4	26	27	32	31
22	4	27	28	33	32
23	4	28	29	34	33
24	4	29	30	35	34
25	4	31	32	37	36
26	4	32	33	38	37
27	4	33	34	39	38
28	4	34	35	40	39
No._nodes_with_prescribed_DOFs:  4
Node_#, DOF#, Value:
25	1	0.0
25	2	0.0
26	1	0.0
26	2	0.0
27	1	0.0
27	2	0.0
28	1	0.0
28	2	0.0
No._elements_with_prescribed_loads: 4
Element_#, Face_#, Traction_components
1	1	-3000.0000	0.0000
2	1	-3000.0000	0.0000
3	1	-3000.0000	0.0000
4	1	-3000.0000	0.0000
